amb_space 13
inequalities 91
1 0 0 0 0 0 0 0 0 0 0 0 0
0 1 0 0 0 0 0 0 0 0 0 0 0
0 0 1 0 0 0 0 0 0 0 0 0 0
0 0 0 1 0 0 0 0 0 0 0 0 0
0 0 0 0 1 0 0 0 0 0 0 0 0
0 0 0 0 0 1 0 0 0 0 0 0 0
0 0 0 0 0 0 1 0 0 0 0 0 0
0 0 0 0 0 0 0 1 0 0 0 0 0
0 0 0 0 0 0 0 0 1 0 0 0 0
0 0 0 0 0 0 0 0 0 1 0 0 0
0 0 0 0 0 0 0 0 0 0 1 0 0
0 0 0 0 0 0 0 0 0 0 0 1 0
0 0 0 0 0 0 0 0 0 0 0 0 1
-1 1 1 0 0 0 0 0 0 0 0 0 0
-1 0 1 1 0 0 0 0 0 0 0 0 0
-1 0 0 1 1 0 0 0 0 0 0 0 0
-1 0 0 0 1 1 0 0 0 0 0 0 0
-1 0 0 0 0 1 1 0 0 0 0 0 0
-1 0 0 0 0 0 1 1 0 0 0 0 0
-1 0 0 0 0 0 0 1 1 0 0 0 0
-1 0 0 0 0 0 0 0 1 1 0 0 0
-1 0 0 0 0 0 0 0 0 1 1 0 0
-1 0 0 0 0 0 0 0 0 0 1 1 0
-1 0 0 0 0 0 0 0 0 0 0 1 1
-1 0 0 0 0 0 0 0 0 0 0 0 1
-1 -1 1 1 1 0 0 0 0 0 0 0 0
-1 -1 0 1 1 1 0 0 0 0 0 0 0
-1 -1 0 0 1 1 1 0 0 0 0 0 0
-1 -1 0 0 0 1 1 1 0 0 0 0 0
-1 -1 0 0 0 0 1 1 1 0 0 0 0
-1 -1 0 0 0 0 0 1 1 1 0 0 0
-1 -1 0 0 0 0 0 0 1 1 1 0 0
-1 -1 0 0 0 0 0 0 0 1 1 1 0
-1 -1 0 0 0 0 0 0 0 0 1 1 1
-1 -1 0 0 0 0 0 0 0 0 0 1 1
0 -1 0 0 0 0 0 0 0 0 0 0 1
-1 -1 -1 1 1 1 1 0 0 0 0 0 0
-1 -1 -1 0 1 1 1 1 0 0 0 0 0
-1 -1 -1 0 0 1 1 1 1 0 0 0 0
-1 -1 -1 0 0 0 1 1 1 1 0 0 0
-1 -1 -1 0 0 0 0 1 1 1 1 0 0
-1 -1 -1 0 0 0 0 0 1 1 1 1 0
-1 -1 -1 0 0 0 0 0 0 1 1 1 1
-1 -1 -1 0 0 0 0 0 0 0 1 1 1
0 -1 -1 0 0 0 0 0 0 0 0 1 1
0 0 -1 0 0 0 0 0 0 0 0 0 1
-1 -1 -1 -1 1 1 1 1 1 0 0 0 0
-1 -1 -1 -1 0 1 1 1 1 1 0 0 0
-1 -1 -1 -1 0 0 1 1 1 1 1 0 0
-1 -1 -1 -1 0 0 0 1 1 1 1 1 0
-1 -1 -1 -1 0 0 0 0 1 1 1 1 1
-1 -1 -1 -1 0 0 0 0 0 1 1 1 1
0 -1 -1 -1 0 0 0 0 0 0 1 1 1
0 0 -1 -1 0 0 0 0 0 0 0 1 1
0 0 0 -1 0 0 0 0 0 0 0 0 1
-1 -1 -1 -1 -1 1 1 1 1 1 1 0 0
-1 -1 -1 -1 -1 0 1 1 1 1 1 1 0
-1 -1 -1 -1 -1 0 0 1 1 1 1 1 1
-1 -1 -1 -1 -1 0 0 0 1 1 1 1 1
0 -1 -1 -1 -1 0 0 0 0 1 1 1 1
0 0 -1 -1 -1 0 0 0 0 0 1 1 1
0 0 0 -1 -1 0 0 0 0 0 0 1 1
0 0 0 0 -1 0 0 0 0 0 0 0 1
-1 -1 -1 -1 -1 -1 1 1 1 1 1 1 1
-1 -1 -1 -1 -1 -1 0 1 1 1 1 1 1
0 -1 -1 -1 -1 -1 0 0 1 1 1 1 1
0 0 -1 -1 -1 -1 0 0 0 1 1 1 1
0 0 0 -1 -1 -1 0 0 0 0 1 1 1
0 0 0 0 -1 -1 0 0 0 0 0 1 1
0 0 0 0 0 -1 0 0 0 0 0 0 1
0 -1 -1 -1 -1 -1 -1 1 1 1 1 1 1
0 0 -1 -1 -1 -1 -1 0 1 1 1 1 1
0 0 0 -1 -1 -1 -1 0 0 1 1 1 1
0 0 0 0 -1 -1 -1 0 0 0 1 1 1
0 0 0 0 0 -1 -1 0 0 0 0 1 1
0 0 0 0 0 0 -1 0 0 0 0 0 1
0 0 0 -1 -1 -1 -1 -1 1 1 1 1 1
0 0 0 0 -1 -1 -1 -1 0 1 1 1 1
0 0 0 0 0 -1 -1 -1 0 0 1 1 1
0 0 0 0 0 0 -1 -1 0 0 0 1 1
0 0 0 0 0 0 0 -1 0 0 0 0 1
0 0 0 0 0 -1 -1 -1 -1 1 1 1 1
0 0 0 0 0 0 -1 -1 -1 0 1 1 1
0 0 0 0 0 0 0 -1 -1 0 0 1 1
0 0 0 0 0 0 0 0 -1 0 0 0 1
0 0 0 0 0 0 0 -1 -1 -1 1 1 1
0 0 0 0 0 0 0 0 -1 -1 0 1 1
0 0 0 0 0 0 0 0 0 -1 0 0 1
0 0 0 0 0 0 0 0 0 -1 -1 1 1
0 0 0 0 0 0 0 0 0 0 -1 0 1
0 0 0 0 0 0 0 0 0 0 0 -1 1
