amb_space 9
inequalities 45
1 0 0 0 0 0 0 0 0
0 1 0 0 0 0 0 0 0
0 0 1 0 0 0 0 0 0
0 0 0 1 0 0 0 0 0
0 0 0 0 1 0 0 0 0
0 0 0 0 0 1 0 0 0
0 0 0 0 0 0 1 0 0
0 0 0 0 0 0 0 1 0
0 0 0 0 0 0 0 0 1
-1 1 1 0 0 0 0 0 0
-1 0 1 1 0 0 0 0 0
-1 0 0 1 1 0 0 0 0
-1 0 0 0 1 1 0 0 0
-1 0 0 0 0 1 1 0 0
-1 0 0 0 0 0 1 1 0
-1 0 0 0 0 0 0 1 1
-1 0 0 0 0 0 0 0 1
-1 -1 1 1 1 0 0 0 0
-1 -1 0 1 1 1 0 0 0
-1 -1 0 0 1 1 1 0 0
-1 -1 0 0 0 1 1 1 0
-1 -1 0 0 0 0 1 1 1
-1 -1 0 0 0 0 0 1 1
0 -1 0 0 0 0 0 0 1
-1 -1 -1 1 1 1 1 0 0
-1 -1 -1 0 1 1 1 1 0
-1 -1 -1 0 0 1 1 1 1
-1 -1 -1 0 0 0 1 1 1
0 -1 -1 0 0 0 0 1 1
0 0 -1 0 0 0 0 0 1
-1 -1 -1 -1 1 1 1 1 1
-1 -1 -1 -1 0 1 1 1 1
0 -1 -1 -1 0 0 1 1 1
0 0 -1 -1 0 0 0 1 1
0 0 0 -1 0 0 0 0 1
0 -1 -1 -1 -1 1 1 1 1
0 0 -1 -1 -1 0 1 1 1
0 0 0 -1 -1 0 0 1 1
0 0 0 0 -1 0 0 0 1
0 0 0 -1 -1 -1 1 1 1
0 0 0 0 -1 -1 0 1 1
0 0 0 0 0 -1 0 0 1
0 0 0 0 0 -1 -1 1 1
0 0 0 0 0 0 -1 0 1
0 0 0 0 0 0 0 -1 1
inhom_equations 2
1 1 1 1 1 1 1 1 1 -31
-35 -25 -15 -5 5 15 25 35 45 -195
inhom_inequalities 9
-8 2 2 2 2 2 2 2 2 -12
-7 -7 3 3 3 3 3 3 3 -13
-6 -6 -6 4 4 4 4 4 4 -14
-5 -5 -5 -5 5 5 5 5 5 -15
-4 -4 -4 -4 -4 6 6 6 6 -16
-3 -3 -3 -3 -3 -3 7 7 7 -17
-2 -2 -2 -2 -2 -2 -2 8 8 -18
-1 -1 -1 -1 -1 -1 -1 -1 9 -19
0 0 0 0 0 0 0 0 -1 9
