amb_space 7
inequalities 28
1 0 0 0 0 0 0
0 1 0 0 0 0 0
0 0 1 0 0 0 0
0 0 0 1 0 0 0
0 0 0 0 1 0 0
0 0 0 0 0 1 0
0 0 0 0 0 0 1
-1 1 1 0 0 0 0
-1 0 1 1 0 0 0
-1 0 0 1 1 0 0
-1 0 0 0 1 1 0
-1 0 0 0 0 1 1
-1 0 0 0 0 0 1
-1 -1 1 1 1 0 0
-1 -1 0 1 1 1 0
-1 -1 0 0 1 1 1
-1 -1 0 0 0 1 1
0 -1 0 0 0 0 1
-1 -1 -1 1 1 1 1
-1 -1 -1 0 1 1 1
0 -1 -1 0 0 1 1
0 0 -1 0 0 0 1
0 -1 -1 -1 1 1 1
0 0 -1 -1 0 1 1
0 0 0 -1 0 0 1
0 0 0 -1 -1 1 1
0 0 0 0 -1 0 1
0 0 0 0 0 -1 1
inhom_equations 2
1 1 1 1 1 1 1 -41
-20 -12 -4 4 12 20 28 -148
inhom_inequalities 7
-6 2 2 2 2 2 2 -10
-5 -5 3 3 3 3 3 -11
-4 -4 -4 4 4 4 4 -12
-3 -3 -3 -3 5 5 5 -13
-2 -2 -2 -2 -2 6 6 -14
-1 -1 -1 -1 -1 -1 7 -15
0 0 0 0 0 0 -1 11
