amb_space 10
inequalities 55
1 0 0 0 0 0 0 0 0 0
0 1 0 0 0 0 0 0 0 0
0 0 1 0 0 0 0 0 0 0
0 0 0 1 0 0 0 0 0 0
0 0 0 0 1 0 0 0 0 0
0 0 0 0 0 1 0 0 0 0
0 0 0 0 0 0 1 0 0 0
0 0 0 0 0 0 0 1 0 0
0 0 0 0 0 0 0 0 1 0
0 0 0 0 0 0 0 0 0 1
-1 1 1 0 0 0 0 0 0 0
-1 0 1 1 0 0 0 0 0 0
-1 0 0 1 1 0 0 0 0 0
-1 0 0 0 1 1 0 0 0 0
-1 0 0 0 0 1 1 0 0 0
-1 0 0 0 0 0 1 1 0 0
-1 0 0 0 0 0 0 1 1 0
-1 0 0 0 0 0 0 0 1 1
-1 0 0 0 0 0 0 0 0 1
-1 -1 1 1 1 0 0 0 0 0
-1 -1 0 1 1 1 0 0 0 0
-1 -1 0 0 1 1 1 0 0 0
-1 -1 0 0 0 1 1 1 0 0
-1 -1 0 0 0 0 1 1 1 0
-1 -1 0 0 0 0 0 1 1 1
-1 -1 0 0 0 0 0 0 1 1
0 -1 0 0 0 0 0 0 0 1
-1 -1 -1 1 1 1 1 0 0 0
-1 -1 -1 0 1 1 1 1 0 0
-1 -1 -1 0 0 1 1 1 1 0
-1 -1 -1 0 0 0 1 1 1 1
-1 -1 -1 0 0 0 0 1 1 1
0 -1 -1 0 0 0 0 0 1 1
0 0 -1 0 0 0 0 0 0 1
-1 -1 -1 -1 1 1 1 1 1 0
-1 -1 -1 -1 0 1 1 1 1 1
-1 -1 -1 -1 0 0 1 1 1 1
0 -1 -1 -1 0 0 0 1 1 1
0 0 -1 -1 0 0 0 0 1 1
0 0 0 -1 0 0 0 0 0 1
-1 -1 -1 -1 -1 1 1 1 1 1
0 -1 -1 -1 -1 0 1 1 1 1
0 0 -1 -1 -1 0 0 1 1 1
0 0 0 -1 -1 0 0 0 1 1
0 0 0 0 -1 0 0 0 0 1
0 0 -1 -1 -1 -1 1 1 1 1
0 0 0 -1 -1 -1 0 1 1 1
0 0 0 0 -1 -1 0 0 1 1
0 0 0 0 0 -1 0 0 0 1
0 0 0 0 -1 -1 -1 1 1 1
0 0 0 0 0 -1 -1 0 1 1
0 0 0 0 0 0 -1 0 0 1
0 0 0 0 0 0 -1 -1 1 1
0 0 0 0 0 0 0 -1 0 1
0 0 0 0 0 0 0 0 -1 1
inhom_equations 2
1 1 1 1 1 1 1 1 1 1 -23
-44 -33 -22 -11 0 11 22 33 44 55 -209
inhom_inequalities 10
-9 2 2 2 2 2 2 2 2 2 -13
-8 -8 3 3 3 3 3 3 3 3 -14
-7 -7 -7 4 4 4 4 4 4 4 -15
-6 -6 -6 -6 5 5 5 5 5 5 -16
-5 -5 -5 -5 -5 6 6 6 6 6 -17
-4 -4 -4 -4 -4 -4 7 7 7 7 -18
-3 -3 -3 -3 -3 -3 -3 8 8 8 -19
-2 -2 -2 -2 -2 -2 -2 -2 9 9 -20
-1 -1 -1 -1 -1 -1 -1 -1 -1 10 -21
0 0 0 0 0 0 0 0 0 -1 7
