amb_space 8
inequalities 36
1 0 0 0 0 0 0 0
0 1 0 0 0 0 0 0
0 0 1 0 0 0 0 0
0 0 0 1 0 0 0 0
0 0 0 0 1 0 0 0
0 0 0 0 0 1 0 0
0 0 0 0 0 0 1 0
0 0 0 0 0 0 0 1
-1 1 1 0 0 0 0 0
-1 0 1 1 0 0 0 0
-1 0 0 1 1 0 0 0
-1 0 0 0 1 1 0 0
-1 0 0 0 0 1 1 0
-1 0 0 0 0 0 1 1
-1 0 0 0 0 0 0 1
-1 -1 1 1 1 0 0 0
-1 -1 0 1 1 1 0 0
-1 -1 0 0 1 1 1 0
-1 -1 0 0 0 1 1 1
-1 -1 0 0 0 0 1 1
0 -1 0 0 0 0 0 1
-1 -1 -1 1 1 1 1 0
-1 -1 -1 0 1 1 1 1
-1 -1 -1 0 0 1 1 1
0 -1 -1 0 0 0 1 1
0 0 -1 0 0 0 0 1
-1 -1 -1 -1 1 1 1 1
0 -1 -1 -1 0 1 1 1
0 0 -1 -1 0 0 1 1
0 0 0 -1 0 0 0 1
0 0 -1 -1 -1 1 1 1
0 0 0 -1 -1 0 1 1
0 0 0 0 -1 0 0 1
0 0 0 0 -1 -1 1 1
0 0 0 0 0 -1 0 1
0 0 0 0 0 0 -1 1
inhom_equations 2
1 1 1 1 1 1 1 1 -19
-27 -18 -9 0 9 18 27 36 -153
inhom_inequalities 8
-7 2 2 2 2 2 2 2 -11
-6 -6 3 3 3 3 3 3 -12
-5 -5 -5 4 4 4 4 4 -13
-4 -4 -4 -4 5 5 5 5 -14
-3 -3 -3 -3 -3 6 6 6 -15
-2 -2 -2 -2 -2 -2 7 7 -16
-1 -1 -1 -1 -1 -1 -1 8 -17
0 0 0 0 0 0 0 -1 8
