amb_space 9
inequalities 45
1 0 0 0 0 0 0 0 0
0 1 0 0 0 0 0 0 0
0 0 1 0 0 0 0 0 0
0 0 0 1 0 0 0 0 0
0 0 0 0 1 0 0 0 0
0 0 0 0 0 1 0 0 0
0 0 0 0 0 0 1 0 0
0 0 0 0 0 0 0 1 0
0 0 0 0 0 0 0 0 1
-1 1 1 0 0 0 0 0 0
-1 0 1 1 0 0 0 0 0
-1 0 0 1 1 0 0 0 0
-1 0 0 0 1 1 0 0 0
-1 0 0 0 0 1 1 0 0
-1 0 0 0 0 0 1 1 0
-1 0 0 0 0 0 0 1 1
-1 0 0 0 0 0 0 0 1
-1 -1 1 1 1 0 0 0 0
-1 -1 0 1 1 1 0 0 0
-1 -1 0 0 1 1 1 0 0
-1 -1 0 0 0 1 1 1 0
-1 -1 0 0 0 0 1 1 1
-1 -1 0 0 0 0 0 1 1
0 -1 0 0 0 0 0 0 1
-1 -1 -1 1 1 1 1 0 0
-1 -1 -1 0 1 1 1 1 0
-1 -1 -1 0 0 1 1 1 1
-1 -1 -1 0 0 0 1 1 1
0 -1 -1 0 0 0 0 1 1
0 0 -1 0 0 0 0 0 1
-1 -1 -1 -1 1 1 1 1 1
-1 -1 -1 -1 0 1 1 1 1
0 -1 -1 -1 0 0 1 1 1
0 0 -1 -1 0 0 0 1 1
0 0 0 -1 0 0 0 0 1
0 -1 -1 -1 -1 1 1 1 1
0 0 -1 -1 -1 0 1 1 1
0 0 0 -1 -1 0 0 1 1
0 0 0 0 -1 0 0 0 1
0 0 0 -1 -1 -1 1 1 1
0 0 0 0 -1 -1 0 1 1
0 0 0 0 0 -1 0 0 1
0 0 0 0 0 -1 -1 1 1
0 0 0 0 0 0 -1 0 1
0 0 0 0 0 0 0 -1 1
inhom_equations 2
1 0 0 0 0 0 0 0 0 -71
1 1 1 1 1 1 1 1 1 -145
