amb_space 11
inequalities 66
1 0 0 0 0 0 0 0 0 0 0
0 1 0 0 0 0 0 0 0 0 0
0 0 1 0 0 0 0 0 0 0 0
0 0 0 1 0 0 0 0 0 0 0
0 0 0 0 1 0 0 0 0 0 0
0 0 0 0 0 1 0 0 0 0 0
0 0 0 0 0 0 1 0 0 0 0
0 0 0 0 0 0 0 1 0 0 0
0 0 0 0 0 0 0 0 1 0 0
0 0 0 0 0 0 0 0 0 1 0
0 0 0 0 0 0 0 0 0 0 1
-1 1 1 0 0 0 0 0 0 0 0
-1 0 1 1 0 0 0 0 0 0 0
-1 0 0 1 1 0 0 0 0 0 0
-1 0 0 0 1 1 0 0 0 0 0
-1 0 0 0 0 1 1 0 0 0 0
-1 0 0 0 0 0 1 1 0 0 0
-1 0 0 0 0 0 0 1 1 0 0
-1 0 0 0 0 0 0 0 1 1 0
-1 0 0 0 0 0 0 0 0 1 1
-1 0 0 0 0 0 0 0 0 0 1
-1 -1 1 1 1 0 0 0 0 0 0
-1 -1 0 1 1 1 0 0 0 0 0
-1 -1 0 0 1 1 1 0 0 0 0
-1 -1 0 0 0 1 1 1 0 0 0
-1 -1 0 0 0 0 1 1 1 0 0
-1 -1 0 0 0 0 0 1 1 1 0
-1 -1 0 0 0 0 0 0 1 1 1
-1 -1 0 0 0 0 0 0 0 1 1
0 -1 0 0 0 0 0 0 0 0 1
-1 -1 -1 1 1 1 1 0 0 0 0
-1 -1 -1 0 1 1 1 1 0 0 0
-1 -1 -1 0 0 1 1 1 1 0 0
-1 -1 -1 0 0 0 1 1 1 1 0
-1 -1 -1 0 0 0 0 1 1 1 1
-1 -1 -1 0 0 0 0 0 1 1 1
0 -1 -1 0 0 0 0 0 0 1 1
0 0 -1 0 0 0 0 0 0 0 1
-1 -1 -1 -1 1 1 1 1 1 0 0
-1 -1 -1 -1 0 1 1 1 1 1 0
-1 -1 -1 -1 0 0 1 1 1 1 1
-1 -1 -1 -1 0 0 0 1 1 1 1
0 -1 -1 -1 0 0 0 0 1 1 1
0 0 -1 -1 0 0 0 0 0 1 1
0 0 0 -1 0 0 0 0 0 0 1
-1 -1 -1 -1 -1 1 1 1 1 1 1
-1 -1 -1 -1 -1 0 1 1 1 1 1
0 -1 -1 -1 -1 0 0 1 1 1 1
0 0 -1 -1 -1 0 0 0 1 1 1
0 0 0 -1 -1 0 0 0 0 1 1
0 0 0 0 -1 0 0 0 0 0 1
0 -1 -1 -1 -1 -1 1 1 1 1 1
0 0 -1 -1 -1 -1 0 1 1 1 1
0 0 0 -1 -1 -1 0 0 1 1 1
0 0 0 0 -1 -1 0 0 0 1 1
0 0 0 0 0 -1 0 0 0 0 1
0 0 0 -1 -1 -1 -1 1 1 1 1
0 0 0 0 -1 -1 -1 0 1 1 1
0 0 0 0 0 -1 -1 0 0 1 1
0 0 0 0 0 0 -1 0 0 0 1
0 0 0 0 0 -1 -1 -1 1 1 1
0 0 0 0 0 0 -1 -1 0 1 1
0 0 0 0 0 0 0 -1 0 0 1
0 0 0 0 0 0 0 -1 -1 1 1
0 0 0 0 0 0 0 0 -1 0 1
0 0 0 0 0 0 0 0 0 -1 1
inhom_equations 2
1 1 1 1 1 1 1 1 1 1 1 -13
-54 -42 -30 -18 -6 6 18 30 42 54 66 -234
inhom_inequalities 11
-10 2 2 2 2 2 2 2 2 2 2 -14
-9 -9 3 3 3 3 3 3 3 3 3 -15
-8 -8 -8 4 4 4 4 4 4 4 4 -16
-7 -7 -7 -7 5 5 5 5 5 5 5 -17
-6 -6 -6 -6 -6 6 6 6 6 6 6 -18
-5 -5 -5 -5 -5 -5 7 7 7 7 7 -19
-4 -4 -4 -4 -4 -4 -4 8 8 8 8 -20
-3 -3 -3 -3 -3 -3 -3 -3 9 9 9 -21
-2 -2 -2 -2 -2 -2 -2 -2 -2 10 10 -22
-1 -1 -1 -1 -1 -1 -1 -1 -1 -1 11 -23
0 0 0 0 0 0 0 0 0 0 -1 6
