amb_space 14
inequalities 105
1 0 0 0 0 0 0 0 0 0 0 0 0 0
0 1 0 0 0 0 0 0 0 0 0 0 0 0
0 0 1 0 0 0 0 0 0 0 0 0 0 0
0 0 0 1 0 0 0 0 0 0 0 0 0 0
0 0 0 0 1 0 0 0 0 0 0 0 0 0
0 0 0 0 0 1 0 0 0 0 0 0 0 0
0 0 0 0 0 0 1 0 0 0 0 0 0 0
0 0 0 0 0 0 0 1 0 0 0 0 0 0
0 0 0 0 0 0 0 0 1 0 0 0 0 0
0 0 0 0 0 0 0 0 0 1 0 0 0 0
0 0 0 0 0 0 0 0 0 0 1 0 0 0
0 0 0 0 0 0 0 0 0 0 0 1 0 0
0 0 0 0 0 0 0 0 0 0 0 0 1 0
0 0 0 0 0 0 0 0 0 0 0 0 0 1
-1 1 1 0 0 0 0 0 0 0 0 0 0 0
-1 0 1 1 0 0 0 0 0 0 0 0 0 0
-1 0 0 1 1 0 0 0 0 0 0 0 0 0
-1 0 0 0 1 1 0 0 0 0 0 0 0 0
-1 0 0 0 0 1 1 0 0 0 0 0 0 0
-1 0 0 0 0 0 1 1 0 0 0 0 0 0
-1 0 0 0 0 0 0 1 1 0 0 0 0 0
-1 0 0 0 0 0 0 0 1 1 0 0 0 0
-1 0 0 0 0 0 0 0 0 1 1 0 0 0
-1 0 0 0 0 0 0 0 0 0 1 1 0 0
-1 0 0 0 0 0 0 0 0 0 0 1 1 0
-1 0 0 0 0 0 0 0 0 0 0 0 1 1
-1 0 0 0 0 0 0 0 0 0 0 0 0 1
-1 -1 1 1 1 0 0 0 0 0 0 0 0 0
-1 -1 0 1 1 1 0 0 0 0 0 0 0 0
-1 -1 0 0 1 1 1 0 0 0 0 0 0 0
-1 -1 0 0 0 1 1 1 0 0 0 0 0 0
-1 -1 0 0 0 0 1 1 1 0 0 0 0 0
-1 -1 0 0 0 0 0 1 1 1 0 0 0 0
-1 -1 0 0 0 0 0 0 1 1 1 0 0 0
-1 -1 0 0 0 0 0 0 0 1 1 1 0 0
-1 -1 0 0 0 0 0 0 0 0 1 1 1 0
-1 -1 0 0 0 0 0 0 0 0 0 1 1 1
-1 -1 0 0 0 0 0 0 0 0 0 0 1 1
0 -1 0 0 0 0 0 0 0 0 0 0 0 1
-1 -1 -1 1 1 1 1 0 0 0 0 0 0 0
-1 -1 -1 0 1 1 1 1 0 0 0 0 0 0
-1 -1 -1 0 0 1 1 1 1 0 0 0 0 0
-1 -1 -1 0 0 0 1 1 1 1 0 0 0 0
-1 -1 -1 0 0 0 0 1 1 1 1 0 0 0
-1 -1 -1 0 0 0 0 0 1 1 1 1 0 0
-1 -1 -1 0 0 0 0 0 0 1 1 1 1 0
-1 -1 -1 0 0 0 0 0 0 0 1 1 1 1
-1 -1 -1 0 0 0 0 0 0 0 0 1 1 1
0 -1 -1 0 0 0 0 0 0 0 0 0 1 1
0 0 -1 0 0 0 0 0 0 0 0 0 0 1
-1 -1 -1 -1 1 1 1 1 1 0 0 0 0 0
-1 -1 -1 -1 0 1 1 1 1 1 0 0 0 0
-1 -1 -1 -1 0 0 1 1 1 1 1 0 0 0
-1 -1 -1 -1 0 0 0 1 1 1 1 1 0 0
-1 -1 -1 -1 0 0 0 0 1 1 1 1 1 0
-1 -1 -1 -1 0 0 0 0 0 1 1 1 1 1
-1 -1 -1 -1 0 0 0 0 0 0 1 1 1 1
0 -1 -1 -1 0 0 0 0 0 0 0 1 1 1
0 0 -1 -1 0 0 0 0 0 0 0 0 1 1
0 0 0 -1 0 0 0 0 0 0 0 0 0 1
-1 -1 -1 -1 -1 1 1 1 1 1 1 0 0 0
-1 -1 -1 -1 -1 0 1 1 1 1 1 1 0 0
-1 -1 -1 -1 -1 0 0 1 1 1 1 1 1 0
-1 -1 -1 -1 -1 0 0 0 1 1 1 1 1 1
-1 -1 -1 -1 -1 0 0 0 0 1 1 1 1 1
0 -1 -1 -1 -1 0 0 0 0 0 1 1 1 1
0 0 -1 -1 -1 0 0 0 0 0 0 1 1 1
0 0 0 -1 -1 0 0 0 0 0 0 0 1 1
0 0 0 0 -1 0 0 0 0 0 0 0 0 1
-1 -1 -1 -1 -1 -1 1 1 1 1 1 1 1 0
-1 -1 -1 -1 -1 -1 0 1 1 1 1 1 1 1
-1 -1 -1 -1 -1 -1 0 0 1 1 1 1 1 1
0 -1 -1 -1 -1 -1 0 0 0 1 1 1 1 1
0 0 -1 -1 -1 -1 0 0 0 0 1 1 1 1
0 0 0 -1 -1 -1 0 0 0 0 0 1 1 1
0 0 0 0 -1 -1 0 0 0 0 0 0 1 1
0 0 0 0 0 -1 0 0 0 0 0 0 0 1
-1 -1 -1 -1 -1 -1 -1 1 1 1 1 1 1 1
0 -1 -1 -1 -1 -1 -1 0 1 1 1 1 1 1
0 0 -1 -1 -1 -1 -1 0 0 1 1 1 1 1
0 0 0 -1 -1 -1 -1 0 0 0 1 1 1 1
0 0 0 0 -1 -1 -1 0 0 0 0 1 1 1
0 0 0 0 0 -1 -1 0 0 0 0 0 1 1
0 0 0 0 0 0 -1 0 0 0 0 0 0 1
0 0 -1 -1 -1 -1 -1 -1 1 1 1 1 1 1
0 0 0 -1 -1 -1 -1 -1 0 1 1 1 1 1
0 0 0 0 -1 -1 -1 -1 0 0 1 1 1 1
0 0 0 0 0 -1 -1 -1 0 0 0 1 1 1
0 0 0 0 0 0 -1 -1 0 0 0 0 1 1
0 0 0 0 0 0 0 -1 0 0 0 0 0 1
0 0 0 0 -1 -1 -1 -1 -1 1 1 1 1 1
0 0 0 0 0 -1 -1 -1 -1 0 1 1 1 1
0 0 0 0 0 0 -1 -1 -1 0 0 1 1 1
0 0 0 0 0 0 0 -1 -1 0 0 0 1 1
0 0 0 0 0 0 0 0 -1 0 0 0 0 1
0 0 0 0 0 0 -1 -1 -1 -1 1 1 1 1
0 0 0 0 0 0 0 -1 -1 -1 0 1 1 1
0 0 0 0 0 0 0 0 -1 -1 0 0 1 1
0 0 0 0 0 0 0 0 0 -1 0 0 0 1
0 0 0 0 0 0 0 0 -1 -1 -1 1 1 1
0 0 0 0 0 0 0 0 0 -1 -1 0 1 1
0 0 0 0 0 0 0 0 0 0 -1 0 0 1
0 0 0 0 0 0 0 0 0 0 -1 -1 1 1
0 0 0 0 0 0 0 0 0 0 0 -1 0 1
0 0 0 0 0 0 0 0 0 0 0 0 -1 1
inhom_equations 2
1 1 1 1 1 1 1 1 1 1 1 1 1 1 -31
-90 -75 -60 -45 -30 -15 0 15 30 45 60 75 90 105 -330
inhom_inequalities 14
-13 2 2 2 2 2 2 2 2 2 2 2 2 2 -17
-12 -12 3 3 3 3 3 3 3 3 3 3 3 3 -18
-11 -11 -11 4 4 4 4 4 4 4 4 4 4 4 -19
-10 -10 -10 -10 5 5 5 5 5 5 5 5 5 5 -20
-9 -9 -9 -9 -9 6 6 6 6 6 6 6 6 6 -21
-8 -8 -8 -8 -8 -8 7 7 7 7 7 7 7 7 -22
-7 -7 -7 -7 -7 -7 -7 8 8 8 8 8 8 8 -23
-6 -6 -6 -6 -6 -6 -6 -6 9 9 9 9 9 9 -24
-5 -5 -5 -5 -5 -5 -5 -5 -5 10 10 10 10 10 -25
-4 -4 -4 -4 -4 -4 -4 -4 -4 -4 11 11 11 11 -26
-3 -3 -3 -3 -3 -3 -3 -3 -3 -3 -3 12 12 12 -27
-2 -2 -2 -2 -2 -2 -2 -2 -2 -2 -2 -2 13 13 -28
-1 -1 -1 -1 -1 -1 -1 -1 -1 -1 -1 -1 -1 14 -29
0 0 0 0 0 0 0 0 0 0 0 0 0 -1 4
