amb_space 8
inequalities 36
1 0 0 0 0 0 0 0
0 1 0 0 0 0 0 0
0 0 1 0 0 0 0 0
0 0 0 1 0 0 0 0
0 0 0 0 1 0 0 0
0 0 0 0 0 1 0 0
0 0 0 0 0 0 1 0
0 0 0 0 0 0 0 1
-1 1 1 0 0 0 0 0
-1 0 1 1 0 0 0 0
-1 0 0 1 1 0 0 0
-1 0 0 0 1 1 0 0
-1 0 0 0 0 1 1 0
-1 0 0 0 0 0 1 1
-1 0 0 0 0 0 0 1
-1 -1 1 1 1 0 0 0
-1 -1 0 1 1 1 0 0
-1 -1 0 0 1 1 1 0
-1 -1 0 0 0 1 1 1
-1 -1 0 0 0 0 1 1
0 -1 0 0 0 0 0 1
-1 -1 -1 1 1 1 1 0
-1 -1 -1 0 1 1 1 1
-1 -1 -1 0 0 1 1 1
0 -1 -1 0 0 0 1 1
0 0 -1 0 0 0 0 1
-1 -1 -1 -1 1 1 1 1
0 -1 -1 -1 0 1 1 1
0 0 -1 -1 0 0 1 1
0 0 0 -1 0 0 0 1
0 0 -1 -1 -1 1 1 1
0 0 0 -1 -1 0 1 1
0 0 0 0 -1 0 0 1
0 0 0 0 -1 -1 1 1
0 0 0 0 0 -1 0 1
0 0 0 0 0 0 -1 1
inhom_equations 2
1 0 0 0 0 0 0 0 -46
1 1 1 1 1 1 1 1 -126
