amb_space 13
inequalities 91
1 0 0 0 0 0 0 0 0 0 0 0 0
0 1 0 0 0 0 0 0 0 0 0 0 0
0 0 1 0 0 0 0 0 0 0 0 0 0
0 0 0 1 0 0 0 0 0 0 0 0 0
0 0 0 0 1 0 0 0 0 0 0 0 0
0 0 0 0 0 1 0 0 0 0 0 0 0
0 0 0 0 0 0 1 0 0 0 0 0 0
0 0 0 0 0 0 0 1 0 0 0 0 0
0 0 0 0 0 0 0 0 1 0 0 0 0
0 0 0 0 0 0 0 0 0 1 0 0 0
0 0 0 0 0 0 0 0 0 0 1 0 0
0 0 0 0 0 0 0 0 0 0 0 1 0
0 0 0 0 0 0 0 0 0 0 0 0 1
-1 1 1 0 0 0 0 0 0 0 0 0 0
-1 0 1 1 0 0 0 0 0 0 0 0 0
-1 0 0 1 1 0 0 0 0 0 0 0 0
-1 0 0 0 1 1 0 0 0 0 0 0 0
-1 0 0 0 0 1 1 0 0 0 0 0 0
-1 0 0 0 0 0 1 1 0 0 0 0 0
-1 0 0 0 0 0 0 1 1 0 0 0 0
-1 0 0 0 0 0 0 0 1 1 0 0 0
-1 0 0 0 0 0 0 0 0 1 1 0 0
-1 0 0 0 0 0 0 0 0 0 1 1 0
-1 0 0 0 0 0 0 0 0 0 0 1 1
-1 0 0 0 0 0 0 0 0 0 0 0 1
-1 -1 1 1 1 0 0 0 0 0 0 0 0
-1 -1 0 1 1 1 0 0 0 0 0 0 0
-1 -1 0 0 1 1 1 0 0 0 0 0 0
-1 -1 0 0 0 1 1 1 0 0 0 0 0
-1 -1 0 0 0 0 1 1 1 0 0 0 0
-1 -1 0 0 0 0 0 1 1 1 0 0 0
-1 -1 0 0 0 0 0 0 1 1 1 0 0
-1 -1 0 0 0 0 0 0 0 1 1 1 0
-1 -1 0 0 0 0 0 0 0 0 1 1 1
-1 -1 0 0 0 0 0 0 0 0 0 1 1
0 -1 0 0 0 0 0 0 0 0 0 0 1
-1 -1 -1 1 1 1 1 0 0 0 0 0 0
-1 -1 -1 0 1 1 1 1 0 0 0 0 0
-1 -1 -1 0 0 1 1 1 1 0 0 0 0
-1 -1 -1 0 0 0 1 1 1 1 0 0 0
-1 -1 -1 0 0 0 0 1 1 1 1 0 0
-1 -1 -1 0 0 0 0 0 1 1 1 1 0
-1 -1 -1 0 0 0 0 0 0 1 1 1 1
-1 -1 -1 0 0 0 0 0 0 0 1 1 1
0 -1 -1 0 0 0 0 0 0 0 0 1 1
0 0 -1 0 0 0 0 0 0 0 0 0 1
-1 -1 -1 -1 1 1 1 1 1 0 0 0 0
-1 -1 -1 -1 0 1 1 1 1 1 0 0 0
-1 -1 -1 -1 0 0 1 1 1 1 1 0 0
-1 -1 -1 -1 0 0 0 1 1 1 1 1 0
-1 -1 -1 -1 0 0 0 0 1 1 1 1 1
-1 -1 -1 -1 0 0 0 0 0 1 1 1 1
0 -1 -1 -1 0 0 0 0 0 0 1 1 1
0 0 -1 -1 0 0 0 0 0 0 0 1 1
0 0 0 -1 0 0 0 0 0 0 0 0 1
-1 -1 -1 -1 -1 1 1 1 1 1 1 0 0
-1 -1 -1 -1 -1 0 1 1 1 1 1 1 0
-1 -1 -1 -1 -1 0 0 1 1 1 1 1 1
-1 -1 -1 -1 -1 0 0 0 1 1 1 1 1
0 -1 -1 -1 -1 0 0 0 0 1 1 1 1
0 0 -1 -1 -1 0 0 0 0 0 1 1 1
0 0 0 -1 -1 0 0 0 0 0 0 1 1
0 0 0 0 -1 0 0 0 0 0 0 0 1
-1 -1 -1 -1 -1 -1 1 1 1 1 1 1 1
-1 -1 -1 -1 -1 -1 0 1 1 1 1 1 1
0 -1 -1 -1 -1 -1 0 0 1 1 1 1 1
0 0 -1 -1 -1 -1 0 0 0 1 1 1 1
0 0 0 -1 -1 -1 0 0 0 0 1 1 1
0 0 0 0 -1 -1 0 0 0 0 0 1 1
0 0 0 0 0 -1 0 0 0 0 0 0 1
0 -1 -1 -1 -1 -1 -1 1 1 1 1 1 1
0 0 -1 -1 -1 -1 -1 0 1 1 1 1 1
0 0 0 -1 -1 -1 -1 0 0 1 1 1 1
0 0 0 0 -1 -1 -1 0 0 0 1 1 1
0 0 0 0 0 -1 -1 0 0 0 0 1 1
0 0 0 0 0 0 -1 0 0 0 0 0 1
0 0 0 -1 -1 -1 -1 -1 1 1 1 1 1
0 0 0 0 -1 -1 -1 -1 0 1 1 1 1
0 0 0 0 0 -1 -1 -1 0 0 1 1 1
0 0 0 0 0 0 -1 -1 0 0 0 1 1
0 0 0 0 0 0 0 -1 0 0 0 0 1
0 0 0 0 0 -1 -1 -1 -1 1 1 1 1
0 0 0 0 0 0 -1 -1 -1 0 1 1 1
0 0 0 0 0 0 0 -1 -1 0 0 1 1
0 0 0 0 0 0 0 0 -1 0 0 0 1
0 0 0 0 0 0 0 -1 -1 -1 1 1 1
0 0 0 0 0 0 0 0 -1 -1 0 1 1
0 0 0 0 0 0 0 0 0 -1 0 0 1
0 0 0 0 0 0 0 0 0 -1 -1 1 1
0 0 0 0 0 0 0 0 0 0 -1 0 1
0 0 0 0 0 0 0 0 0 0 0 -1 1
inhom_equations 2
1 1 1 1 1 1 1 1 1 1 1 1 1 -29
-77 -63 -49 -35 -21 -7 7 21 35 49 63 77 91 -301
inhom_inequalities 13
-12 2 2 2 2 2 2 2 2 2 2 2 2 -16
-11 -11 3 3 3 3 3 3 3 3 3 3 3 -17
-10 -10 -10 4 4 4 4 4 4 4 4 4 4 -18
-9 -9 -9 -9 5 5 5 5 5 5 5 5 5 -19
-8 -8 -8 -8 -8 6 6 6 6 6 6 6 6 -20
-7 -7 -7 -7 -7 -7 7 7 7 7 7 7 7 -21
-6 -6 -6 -6 -6 -6 -6 8 8 8 8 8 8 -22
-5 -5 -5 -5 -5 -5 -5 -5 9 9 9 9 9 -23
-4 -4 -4 -4 -4 -4 -4 -4 -4 10 10 10 10 -24
-3 -3 -3 -3 -3 -3 -3 -3 -3 -3 11 11 11 -25
-2 -2 -2 -2 -2 -2 -2 -2 -2 -2 -2 12 12 -26
-1 -1 -1 -1 -1 -1 -1 -1 -1 -1 -1 -1 13 -27
0 0 0 0 0 0 0 0 0 0 0 0 -1 5
