amb_space 10
inequalities 55
1 0 0 0 0 0 0 0 0 0
0 1 0 0 0 0 0 0 0 0
0 0 1 0 0 0 0 0 0 0
0 0 0 1 0 0 0 0 0 0
0 0 0 0 1 0 0 0 0 0
0 0 0 0 0 1 0 0 0 0
0 0 0 0 0 0 1 0 0 0
0 0 0 0 0 0 0 1 0 0
0 0 0 0 0 0 0 0 1 0
0 0 0 0 0 0 0 0 0 1
-1 1 1 0 0 0 0 0 0 0
-1 0 1 1 0 0 0 0 0 0
-1 0 0 1 1 0 0 0 0 0
-1 0 0 0 1 1 0 0 0 0
-1 0 0 0 0 1 1 0 0 0
-1 0 0 0 0 0 1 1 0 0
-1 0 0 0 0 0 0 1 1 0
-1 0 0 0 0 0 0 0 1 1
-1 0 0 0 0 0 0 0 0 1
-1 -1 1 1 1 0 0 0 0 0
-1 -1 0 1 1 1 0 0 0 0
-1 -1 0 0 1 1 1 0 0 0
-1 -1 0 0 0 1 1 1 0 0
-1 -1 0 0 0 0 1 1 1 0
-1 -1 0 0 0 0 0 1 1 1
-1 -1 0 0 0 0 0 0 1 1
0 -1 0 0 0 0 0 0 0 1
-1 -1 -1 1 1 1 1 0 0 0
-1 -1 -1 0 1 1 1 1 0 0
-1 -1 -1 0 0 1 1 1 1 0
-1 -1 -1 0 0 0 1 1 1 1
-1 -1 -1 0 0 0 0 1 1 1
0 -1 -1 0 0 0 0 0 1 1
0 0 -1 0 0 0 0 0 0 1
-1 -1 -1 -1 1 1 1 1 1 0
-1 -1 -1 -1 0 1 1 1 1 1
-1 -1 -1 -1 0 0 1 1 1 1
0 -1 -1 -1 0 0 0 1 1 1
0 0 -1 -1 0 0 0 0 1 1
0 0 0 -1 0 0 0 0 0 1
-1 -1 -1 -1 -1 1 1 1 1 1
0 -1 -1 -1 -1 0 1 1 1 1
0 0 -1 -1 -1 0 0 1 1 1
0 0 0 -1 -1 0 0 0 1 1
0 0 0 0 -1 0 0 0 0 1
0 0 -1 -1 -1 -1 1 1 1 1
0 0 0 -1 -1 -1 0 1 1 1
0 0 0 0 -1 -1 0 0 1 1
0 0 0 0 0 -1 0 0 0 1
0 0 0 0 -1 -1 -1 1 1 1
0 0 0 0 0 -1 -1 0 1 1
0 0 0 0 0 0 -1 0 0 1
0 0 0 0 0 0 -1 -1 1 1
0 0 0 0 0 0 0 -1 0 1
0 0 0 0 0 0 0 0 -1 1
inhom_equations 2
1 0 0 0 0 0 0 0 0 0 -12
1 1 1 1 1 1 1 1 1 1 -165
