amb_space 12
inequalities 78
1 0 0 0 0 0 0 0 0 0 0 0
0 1 0 0 0 0 0 0 0 0 0 0
0 0 1 0 0 0 0 0 0 0 0 0
0 0 0 1 0 0 0 0 0 0 0 0
0 0 0 0 1 0 0 0 0 0 0 0
0 0 0 0 0 1 0 0 0 0 0 0
0 0 0 0 0 0 1 0 0 0 0 0
0 0 0 0 0 0 0 1 0 0 0 0
0 0 0 0 0 0 0 0 1 0 0 0
0 0 0 0 0 0 0 0 0 1 0 0
0 0 0 0 0 0 0 0 0 0 1 0
0 0 0 0 0 0 0 0 0 0 0 1
-1 1 1 0 0 0 0 0 0 0 0 0
-1 0 1 1 0 0 0 0 0 0 0 0
-1 0 0 1 1 0 0 0 0 0 0 0
-1 0 0 0 1 1 0 0 0 0 0 0
-1 0 0 0 0 1 1 0 0 0 0 0
-1 0 0 0 0 0 1 1 0 0 0 0
-1 0 0 0 0 0 0 1 1 0 0 0
-1 0 0 0 0 0 0 0 1 1 0 0
-1 0 0 0 0 0 0 0 0 1 1 0
-1 0 0 0 0 0 0 0 0 0 1 1
-1 0 0 0 0 0 0 0 0 0 0 1
-1 -1 1 1 1 0 0 0 0 0 0 0
-1 -1 0 1 1 1 0 0 0 0 0 0
-1 -1 0 0 1 1 1 0 0 0 0 0
-1 -1 0 0 0 1 1 1 0 0 0 0
-1 -1 0 0 0 0 1 1 1 0 0 0
-1 -1 0 0 0 0 0 1 1 1 0 0
-1 -1 0 0 0 0 0 0 1 1 1 0
-1 -1 0 0 0 0 0 0 0 1 1 1
-1 -1 0 0 0 0 0 0 0 0 1 1
0 -1 0 0 0 0 0 0 0 0 0 1
-1 -1 -1 1 1 1 1 0 0 0 0 0
-1 -1 -1 0 1 1 1 1 0 0 0 0
-1 -1 -1 0 0 1 1 1 1 0 0 0
-1 -1 -1 0 0 0 1 1 1 1 0 0
-1 -1 -1 0 0 0 0 1 1 1 1 0
-1 -1 -1 0 0 0 0 0 1 1 1 1
-1 -1 -1 0 0 0 0 0 0 1 1 1
0 -1 -1 0 0 0 0 0 0 0 1 1
0 0 -1 0 0 0 0 0 0 0 0 1
-1 -1 -1 -1 1 1 1 1 1 0 0 0
-1 -1 -1 -1 0 1 1 1 1 1 0 0
-1 -1 -1 -1 0 0 1 1 1 1 1 0
-1 -1 -1 -1 0 0 0 1 1 1 1 1
-1 -1 -1 -1 0 0 0 0 1 1 1 1
0 -1 -1 -1 0 0 0 0 0 1 1 1
0 0 -1 -1 0 0 0 0 0 0 1 1
0 0 0 -1 0 0 0 0 0 0 0 1
-1 -1 -1 -1 -1 1 1 1 1 1 1 0
-1 -1 -1 -1 -1 0 1 1 1 1 1 1
-1 -1 -1 -1 -1 0 0 1 1 1 1 1
0 -1 -1 -1 -1 0 0 0 1 1 1 1
0 0 -1 -1 -1 0 0 0 0 1 1 1
0 0 0 -1 -1 0 0 0 0 0 1 1
0 0 0 0 -1 0 0 0 0 0 0 1
-1 -1 -1 -1 -1 -1 1 1 1 1 1 1
0 -1 -1 -1 -1 -1 0 1 1 1 1 1
0 0 -1 -1 -1 -1 0 0 1 1 1 1
0 0 0 -1 -1 -1 0 0 0 1 1 1
0 0 0 0 -1 -1 0 0 0 0 1 1
0 0 0 0 0 -1 0 0 0 0 0 1
0 0 -1 -1 -1 -1 -1 1 1 1 1 1
0 0 0 -1 -1 -1 -1 0 1 1 1 1
0 0 0 0 -1 -1 -1 0 0 1 1 1
0 0 0 0 0 -1 -1 0 0 0 1 1
0 0 0 0 0 0 -1 0 0 0 0 1
0 0 0 0 -1 -1 -1 -1 1 1 1 1
0 0 0 0 0 -1 -1 -1 0 1 1 1
0 0 0 0 0 0 -1 -1 0 0 1 1
0 0 0 0 0 0 0 -1 0 0 0 1
0 0 0 0 0 0 -1 -1 -1 1 1 1
0 0 0 0 0 0 0 -1 -1 0 1 1
0 0 0 0 0 0 0 0 -1 0 0 1
0 0 0 0 0 0 0 0 -1 -1 1 1
0 0 0 0 0 0 0 0 0 -1 0 1
0 0 0 0 0 0 0 0 0 0 -1 1
inhom_equations 2
1 1 1 1 1 1 1 1 1 1 1 1 -14
-65 -52 -39 -26 -13 0 13 26 39 52 65 78 -247
inhom_inequalities 12
-11 2 2 2 2 2 2 2 2 2 2 2 -15
-10 -10 3 3 3 3 3 3 3 3 3 3 -16
-9 -9 -9 4 4 4 4 4 4 4 4 4 -17
-8 -8 -8 -8 5 5 5 5 5 5 5 5 -18
-7 -7 -7 -7 -7 6 6 6 6 6 6 6 -19
-6 -6 -6 -6 -6 -6 7 7 7 7 7 7 -20
-5 -5 -5 -5 -5 -5 -5 8 8 8 8 8 -21
-4 -4 -4 -4 -4 -4 -4 -4 9 9 9 9 -22
-3 -3 -3 -3 -3 -3 -3 -3 -3 10 10 10 -23
-2 -2 -2 -2 -2 -2 -2 -2 -2 -2 11 11 -24
-1 -1 -1 -1 -1 -1 -1 -1 -1 -1 -1 12 -25
0 0 0 0 0 0 0 0 0 0 0 -1 4
