amb_space 7
inequalities 28
1 0 0 0 0 0 0
0 1 0 0 0 0 0
0 0 1 0 0 0 0
0 0 0 1 0 0 0
0 0 0 0 1 0 0
0 0 0 0 0 1 0
0 0 0 0 0 0 1
-1 1 1 0 0 0 0
-1 0 1 1 0 0 0
-1 0 0 1 1 0 0
-1 0 0 0 1 1 0
-1 0 0 0 0 1 1
-1 0 0 0 0 0 1
-1 -1 1 1 1 0 0
-1 -1 0 1 1 1 0
-1 -1 0 0 1 1 1
-1 -1 0 0 0 1 1
0 -1 0 0 0 0 1
-1 -1 -1 1 1 1 1
-1 -1 -1 0 1 1 1
0 -1 -1 0 0 1 1
0 0 -1 0 0 0 1
0 -1 -1 -1 1 1 1
0 0 -1 -1 0 1 1
0 0 0 -1 0 0 1
0 0 0 -1 -1 1 1
0 0 0 0 -1 0 1
0 0 0 0 0 -1 1
inhom_equations 2
1 0 0 0 0 0 0 -25
1 1 1 1 1 1 1 -108
